1 1 0 1 1 0 1 0 1 0 1 1 1 0 0 1 0 0 1 0 1 0 1 0 1 1 0 0 0 1 1 0 1 0 1 0 0 0 1 0 1 1 1 0 1 0 0 0 1 0
1 0 1 1 0 1 1 1 1 0 0 0 1 0 1 0 1 1 0 0 1 1 0 1 0 1 1 0 0 1 0 0 0 1 1 1 0 1 0 0 1 0 1 1 0 0 1 1 0 1 
1 0 1 0 1 0 0 1 1 0 0 1 0 1 1 1 0 0 0 1 0 1 1 1 0 1 0 1 0 0 1 0 0 1 1 0 1 0 1 1 0 0 0 1 1 1 0 1 1 1 
0 1 1 0 1 0 0 0 1 1 0 1 0 0 0 1 1 0 0 1 1 0 1 1 0 1 1 0 0 0 1 0 0 1 0 1 1 1 0 0 1 1 0 1 1 0 0 0 1 0
1 0 1 1 1 0 0 1 1 0 0 1 1 0 0 1 0 1 1 0 1 0 1 0 0 1 0 1 0 0 1 0 1 1 0 1 1 1 0 1 1 0 1 1 0 1 0 1 1 0 
1 0 1 1 0 1 1 0 1 1 0 1 1 0 1 0 1 0 1 1 1 1 0 0 1 0 0 0 1 1 0 0 1 1 0 1 0 0 1 0 1 1 1 1 0 0 0 1 0 1 
0 1 1 1 1 1 0 0 0 1 1 0 1 0 0 1 0 1 0 0 1 0 1 0 1 1 1 0 1 0 1 1 1 0 1 0 0 0 1 1 0 0 0 1 0 1 0 1 1 1 
1 1 0 0 1 1 0 0 0 1 0 1 1 1 0 1 1 1 0 0 0 1 1 1 0 1 0 0 1 0 1 0 1 1 1 0 1 0 0 0 1 0 0 1 1 1 0 0 1 0
0 1 1 0 1 0 0 0 1 1 0 0 1 0 0 0 1 1 0 0 1 1 1 0 0 1 1 1 0 0 1 1 0 0 1 1 1 0 1 1 0 0 1 0 0 0 1 1 1 0 
1 0 1 1 1 0 0 1 0 1 0 0 0 1 0 0 0 1 0 0 1 0 0 1 1 1 0 1 1 1 1 0 0 1 1 0 0 1 0 1 1 0 0 0 1 1 1 1 0 1 
1 1 0 0 1 1 1 0 0 0 1 1 0 1 0 1 0 0 0 1 1 1 0 0 1 0 1 0 1 1 0 0 1 1 0 1 1 0 1 0 1 1 1 1 0 0 1 0 1 0 
0 1 0 1 1 1 0 0 1 1 1 0 1 1 1 0 1 0 1 0 0 1 0 1 0 0 0 1 1 0 1 0 1 1 1 0 0 0 1 0 1 0 1 1 1 0 0 1 0 0 
1 0 0 1 1 0 0 1 0 1 1 1 1 0 1 1 1 0 1 1 0 0 1 1 0 1 1 1 0 0 1 1 1 0 1 1 0 0 1 0 0 1 0 0 0 1 0 1 0 1
0 1 1 0 1 0 0 0 1 1 1 0 1 0 1 0 0 0 1 0 0 1 1 0 0 1 1 1 0 1 0 1 0 1 0 1 0 1 0 0 1 0 0 0 1 1 1 0 1 0 
1 0 1 1 1 0 0 1 0 0 1 0 0 0 1 1 0 1 0 1 1 0 0 1 0 0 1 1 1 1 0 0 0 1 0 0 0 1 1 0 0 1 0 1 1 1 1 0 1 1 
1 1 0 1 1 0 1 0 1 0 1 1 1 0 0 1 0 0 1 4 1 4 1 0 1 0 1 1 1 0 1 0 1 0 1 0 0 0 1 0 1 1 1 0 1 0 0 0 1 0
1 0 1 1 0 1 1 1 1 0 0 0 1 0 1 0 1 1 2 3 1 3 4 1 0 1 1 0 0 1 0 0 0 1 1 1 0 1 0 0 1 0 1 1 0 0 1 1 0 1 
0 1 0 1 1 1 0 0 1 1 1 0 1 1 1 0 1 0 1 4 4 4 3 1 0 0 0 1 1 0 1 0 1 1 1 0 0 0 1 0 1 0 1 1 1 0 0 1 0 0 
1 0 0 1 1 0 0 1 0 1 1 1 1 0 1 1 1 0 1 3 3 3 4 1 0 1 1 1 0 0 1 1 1 0 1 1 0 0 1 0 0 1 0 0 0 1 0 1 0 1
0 1 1 0 1 0 0 0 1 1 1 0 1 0 1 0 0 0 1 0 0 1 3 0 0 0 1 57 58 58 58 58 59 0 1 0 1 0 1 0 0 1 0 0 0 1 1 1 0 1 
1 0 1 1 1 0 0 1 0 0 1 0 0 0 1 1 0 1 0 1 2 0 0 1 0 0 1 54 55 55 55 55 56 0 1 0 0 0 1 1 0 0 1 0 1 1 1 1 0 1  
1 0 1 1 0 1 1 0 1 1 0 1 1 0 1 0 1 0 1 1 1 1 0 0 1 0 0 54 55 55 55 55 56 1 1 0 1 0 0 1 0 1 1 1 1 0 0 0 1 0  
0 1 1 1 1 1 0 0 0 1 1 0 1 0 0 1 0 1 0 0 1 0 1 0 1 1 1 54 55 55 55 55 56 1 0 1 0 0 0 1 1 0 0 0 1 0 1 0 1 1  
1 0 1 1 1 0 0 1 1 0 0 1 1 0 0 1 0 1 1 0 1 0 1 0 0 1 0 54 55 55 55 55 56 1 1 0 1 1 1 0 1 1 0 1 1 0 1 0 1 1  
1 0 1 1 0 1 1 0 1 1 0 1 1 0 1 0 1 0 1 1 1 1 0 0 1 0 0 51 52 52 52 52 53 1 1 0 1 0 0 1 0 1 1 1 1 0 0 0 1 0  
0 1 1 1 1 1 0 0 0 1 1 0 1 0 0 1 0 1 0 0 1 0 1 0 1 1 1 0 1 0 1 1 1 0 1 0 0 0 1 1 0 0 0 1 0 1 0 1 1 1 
1 1 0 0 1 1 0 0 0 1 0 1 1 1 0 1 1 1 0 0 0 1 1 1 0 1 0 0 1 0 1 0 1 1 1 0 1 0 0 0 1 0 0 1 1 1 0 0 1 0
0 1 1 0 1 0 0 0 1 1 0 0 1 0 0 0 1 1 0 0 1 1 1 0 0 1 1 1 0 0 1 1 0 0 1 1 1 0 1 1 0 0 1 0 0 0 1 1 1 0 
1 0 1 1 1 0 0 1 0 1 0 0 0 1 0 0 0 1 0 0 1 0 0 1 1 1 0 1 1 1 1 0 0 1 1 0 0 1 0 1 1 0 0 0 1 1 1 1 0 1 
1 1 0 0 1 1 1 0 0 0 1 1 0 1 0 1 0 0 0 1 1 1 0 0 1 0 1 0 1 1 0 0 1 1 0 1 1 0 1 0 1 1 1 1 0 0 1 0 1 0 
0 1 0 1 1 1 0 0 1 1 1 0 1 1 1 0 1 0 1 0 0 1 0 1 0 0 0 1 1 0 1 0 1 1 1 0 0 0 1 0 1 0 1 1 1 0 0 1 0 0 
1 0 0 1 1 0 0 1 0 1 1 1 1 0 1 1 1 0 1 1 0 0 1 1 0 1 1 1 0 0 1 1 1 0 1 1 0 0 1 0 0 1 0 0 0 1 0 1 0 1
0 1 1 0 1 0 0 0 1 1 1 0 1 0 1 0 0 0 1 0 0 1 1 0 0 1 1 1 0 1 0 1 0 1 0 1 0 1 0 0 1 0 0 0 1 1 1 0 1 0 
1 0 1 1 1 0 0 1 0 0 1 0 0 0 1 1 0 1 0 1 1 0 0 1 0 0 1 1 1 1 0 0 0 1 0 0 0 1 1 0 0 1 0 1 1 1 1 0 1 1 
1 1 0 1 1 0 1 0 1 0 1 1 1 0 0 1 0 0 1 0 1 0 1 0 1 1 0 0 0 1 1 0 1 0 1 0 0 0 1 0 1 1 1 0 1 0 0 0 1 0
1 0 1 1 0 1 1 1 1 0 0 0 1 0 1 0 1 1 0 0 1 1 0 1 0 1 1 0 0 1 0 0 0 1 1 1 0 1 0 0 1 0 1 1 0 0 1 1 0 1 
0 1 0 1 1 1 0 0 1 1 1 0 1 1 1 0 1 0 1 0 0 1 0 1 0 0 0 1 1 0 1 0 1 1 1 0 0 0 1 0 1 0 1 1 1 0 0 1 0 0 
1 0 0 1 1 0 0 1 0 1 1 1 1 0 1 1 1 0 1 1 0 0 1 1 0 1 1 1 0 0 1 1 1 0 1 1 0 0 1 0 0 1 0 0 0 1 0 1 0 1
0 1 1 0 1 0 0 0 1 1 1 0 1 0 1 0 0 0 1 0 0 1 1 0 0 1 1 1 0 1 0 1 0 1 0 1 0 1 0 0 1 0 0 0 1 1 1 0 1 0 
1 0 1 1 1 0 0 1 0 0 1 0 0 0 1 1 0 1 0 1 1 0 0 1 0 0 1 1 1 1 0 0 0 1 0 0 0 1 1 0 0 1 0 1 1 1 1 0 1 1 
1 0 1 1 0 1 1 0 1 1 0 1 1 0 1 0 1 0 1 1 1 1 0 0 1 0 0 0 1 1 0 0 1 1 0 1 0 0 1 0 1 1 1 1 0 0 0 1 0 1 
0 1 1 1 1 1 0 0 0 1 1 0 1 0 0 1 0 1 0 0 1 0 1 0 1 1 1 0 1 0 1 1 1 0 1 0 0 0 1 1 0 0 0 1 0 1 0 1 1 1 
1 1 0 0 1 1 0 0 0 1 0 1 1 1 0 1 1 1 0 0 0 1 1 1 0 1 0 0 1 0 1 0 1 1 1 0 1 0 0 0 1 0 0 1 1 1 0 0 1 0
0 1 1 0 1 0 0 0 1 1 0 0 1 0 0 0 1 1 0 0 1 1 1 0 0 1 1 1 0 0 1 1 0 0 1 1 1 0 1 1 0 0 1 0 0 0 1 1 1 0 
1 0 1 1 1 0 0 1 0 1 0 0 0 1 0 0 0 1 0 0 1 0 0 1 1 1 0 1 1 1 1 0 0 1 1 0 0 1 0 1 1 0 0 0 1 1 1 1 0 1 
1 1 0 0 1 1 1 0 0 0 1 1 0 1 0 1 0 0 0 1 1 1 0 0 1 0 1 0 1 1 0 0 1 1 0 1 1 0 1 0 1 1 1 1 0 0 1 0 1 0 
1 1 0 1 1 0 1 0 1 0 1 1 1 0 0 1 0 0 1 0 1 0 1 0 1 1 0 0 0 1 1 0 1 0 1 0 0 0 1 0 1 1 1 0 1 0 0 0 1 0
1 0 1 1 0 1 1 1 1 0 0 0 1 0 1 0 1 1 0 0 1 1 0 1 0 1 1 0 0 1 0 0 0 1 1 1 0 1 0 0 1 0 1 1 0 0 1 1 0 1 
1 0 1 0 1 0 0 1 1 0 0 1 0 1 1 1 0 0 0 1 0 1 1 1 0 1 0 1 0 0 1 0 0 1 1 0 1 0 1 1 0 0 0 1 1 1 0 1 1 1 
1 1 0 0 1 1 1 0 0 0 1 1 0 1 0 1 0 0 0 1 1 1 0 0 1 0 1 0 1 1 0 0 1 1 0 1 1 0 1 0 1 1 1 1 0 0 1 0 1 0 














